ID| RJ| PJ |QJ
1   833 65 79
2   366 98 1706
3   863 57 1288
4   361 15 1444
5   319 20 1097
6   1234 48 969
7   877 34 284
8   798 23 285
9   1013 57 1294
10  274 52 1271
11  1156 23 159
12  1119 59 483
13  676 92 1338
14  1216 39 1627
15  888 10 19
16  1498 7 76
17  1678 99 740
18  293 70 456
19  1448 97 595
20  1615 73 1344
21  1119 66 1135
22  1366 68 1441
23  1552 80 1454
24  1041 46 1462
25  1599 3 1847
26  146 73 678
27  967 16 1461
28  1632 73 1767
29  653 56 751
30  580 75 938
31  957 99 145
32  3 33 472
33  710 13 1589
34  1456 21 677
35  1308 84 846
36  775 4 555
37  1367 38 1614
38  1674 88 1450
39  268 66 778
40  910 8 1185
41  1229 15 1418
42  934 38 837
43  1799 58 161
44  1620 18 1561
45  188 80 1146
46  530 28 1372
47  28 20 571
48  1067 30 1451
49  1652 24 167
50  838 63 1260
